% OCV configuration — charge curve, DV4 230Ah cell.
% Source: DV4_charge_SOC_OCV.xlsx
%
% OCV_temps  : 1×8   temperature breakpoints (°C)
% SOC_points : 1×15  SOC grid points (%)
% OCV_charge : 8×15  charge OCV (V),  rows = temperatures, cols = SOC points

OCV_temps  = [-30, -20, -10, 0, 10, 25, 45, 60];

SOC_points = [0, 3, 5, 10, 20, 30, 40, 50, 60, 70, 80, 90, 95, 97, 100];

OCV_charge = [ ...
%  SOC:  0      3      5      10     20     30     40     50     60     70     80     90     95     97     100
   3.066  3.066  3.066  3.066  3.067  3.067  3.067  3.067  3.067  3.068  3.068  3.068  3.068  3.068  3.378 ; ... % -30°C
   3.006  3.027  3.037  3.044  3.051  3.056  3.060  3.064  3.068  3.071  3.074  3.077  3.080  3.082  3.385 ; ... % -20°C
   2.769  2.976  3.011  3.029  3.041  3.051  3.058  3.065  3.071  3.076  3.080  3.084  3.088  3.092  3.406 ; ... % -10°C
   3.017  3.175  3.220  3.226  3.227  3.228  3.230  3.232  3.234  3.237  3.239  3.242  3.244  3.246  3.374 ; ... %   0°C
   2.905  3.120  3.195  3.225  3.275  3.306  3.311  3.313  3.328  3.343  3.343  3.343  3.343  3.343  3.348 ; ... %  10°C
   2.813  3.084  3.170  3.220  3.269  3.304  3.309  3.310  3.317  3.340  3.340  3.340  3.340  3.340  3.373 ; ... %  25°C
   2.765  3.062  3.153  3.217  3.265  3.301  3.308  3.310  3.315  3.340  3.340  3.340  3.340  3.340  3.454 ; ... %  45°C
   2.756  3.054  3.145  3.217  3.262  3.297  3.309  3.311  3.315  3.338  3.339  3.339  3.339  3.339  3.510 ; ... %  60°C
];
